#i	j	confidence
46	27	1.3363561630249023
66	5	0.911856472492218
65	4	0.8730270266532898
45	30	0.851909339427948
55	4	0.830966055393219
53	23	0.7339872121810913
49	26	0.6995745301246643
49	30	0.6546008586883545
56	5	0.6454468965530396
22	10	0.644489586353302
53	20	0.6390361189842224
57	16	0.5589532256126404
59	16	0.5484684109687805
53	19	0.5453192591667175
50	27	0.5426908135414124
12	3	0.5404596924781799
19	10	0.5250343680381775
31	24	0.5177960991859436
46	31	0.5104377269744873
56	19	0.5040748119354248
22	8	0.5000215768814087
22	14	0.4959796071052551
52	4	0.48704779148101807
26	9	0.48095834255218506
51	4	0.4727848768234253
46	33	0.4722883701324463
69	3	0.46540921926498413
46	23	0.4564841389656067
50	23	0.4451637864112854
22	9	0.4405326247215271
52	8	0.4400237202644348
50	33	0.4303533434867859
45	38	0.43005114793777466
42	30	0.4275868535041809
57	19	0.42699354887008667
87	79	0.4238286316394806
31	20	0.42095625400543213
33	24	0.4101123809814453
84	77	0.4081074297428131
84	74	0.40633663535118103
52	7	0.4006119966506958
56	49	0.3994494080543518
65	55	0.39915674924850464
18	10	0.39739924669265747
80	73	0.39502769708633423
99	90	0.38930630683898926
46	32	0.38880324363708496
38	25	0.38741976022720337
43	33	0.38593006134033203
101	94	0.38343632221221924
56	4	0.38285428285598755
50	24	0.38267701864242554
57	20	0.3823390603065491
99	91	0.38182318210601807
81	74	0.3814999759197235
87	80	0.3812527656555176
45	29	0.3794093728065491
23	8	0.37829795479774475
49	23	0.3775051236152649
49	7	0.3765997886657715
48	4	0.3761921525001526
37	11	0.37551385164260864
82	75	0.3751775026321411
85	78	0.3721115291118622
42	35	0.37189579010009766
88	81	0.3703939914703369
32	24	0.36986595392227173
89	82	0.3688875734806061
60	11	0.367931067943573
102	93	0.3672645092010498
97	88	0.3671162724494934
93	85	0.36591798067092896
46	24	0.36583471298217773
52	28	0.3657935857772827
82	74	0.3641919791698456
100	88	0.36404240131378174
86	79	0.36378955841064453
55	16	0.3631367087364197
70	63	0.36288708448410034
15	8	0.3625916838645935
101	92	0.3623502552509308
12	5	0.3619934916496277
96	87	0.36192142963409424
100	93	0.36134278774261475
90	83	0.3600606918334961
102	95	0.35958951711654663
85	77	0.35943880677223206
102	94	0.358612984418869
39	18	0.3585692048072815
33	23	0.3581952452659607
65	58	0.3581468462944031
99	92	0.3571871817111969
61	54	0.3571840524673462
66	58	0.35687047243118286
92	83	0.3568515479564667
54	25	0.35672277212142944
50	21	0.3566470742225647
83	76	0.35565194487571716
103	96	0.3547995090484619
47	34	0.35455888509750366
96	85	0.35455650091171265
98	87	0.35435187816619873
63	47	0.3535799980163574
95	87	0.3523246645927429
62	5	0.3519214987754822
94	85	0.3511584997177124
94	83	0.3511253893375397
39	13	0.35089123249053955
14	7	0.35076987743377686
93	79	0.35070154070854187
33	20	0.35024768114089966
103	95	0.3499854803085327
33	21	0.34936463832855225
101	93	0.3492005467414856
14	5	0.3484537601470947
73	64	0.3483879566192627
44	37	0.3463648557662964
50	43	0.3459697365760803
80	72	0.3459261655807495
95	86	0.3456330895423889
41	28	0.3453710675239563
85	76	0.34445422887802124
89	81	0.34418103098869324
53	4	0.34414857625961304
104	97	0.3439358174800873
100	91	0.3438657224178314
96	89	0.3435010015964508
103	89	0.34338200092315674
39	20	0.34317684173583984
92	85	0.3431479334831238
46	3	0.34310948848724365
43	34	0.3426240086555481
101	90	0.3421408534049988
92	79	0.3409324586391449
19	8	0.3407905697822571
102	91	0.3406673073768616
91	78	0.34047338366508484
64	54	0.34002119302749634
50	31	0.33948904275894165
100	92	0.3393165171146393
106	96	0.33882686495780945
97	90	0.3383631706237793
105	98	0.3381293714046478
95	83	0.3380253314971924
84	71	0.337884783744812
96	86	0.33771249651908875
100	90	0.3375678062438965
54	14	0.3374166488647461
92	84	0.33572638034820557
96	80	0.33555838465690613
86	77	0.3350903391838074
88	79	0.3349846601486206
64	6	0.3343850374221802
69	62	0.33438342809677124
90	80	0.3339366316795349
98	90	0.33380967378616333
48	22	0.3337937593460083
44	12	0.3337240219116211
45	36	0.33317869901657104
50	28	0.3330879807472229
24	9	0.33265966176986694
29	7	0.33246010541915894
106	99	0.3323523700237274
32	1	0.33228060603141785
98	91	0.3319612443447113
55	17	0.3318740129470825
98	86	0.3317473530769348
25	13	0.3314529061317444
51	17	0.3314223885536194
53	24	0.3309851884841919
23	9	0.3303822875022888
66	55	0.3303104639053345
51	27	0.3302305340766907
28	21	0.33015841245651245
62	13	0.32975107431411743
16	9	0.329681932926178
91	83	0.3296484351158142
58	38	0.3295023441314697
89	79	0.3289245367050171
90	76	0.32875514030456543
93	86	0.32829463481903076
54	20	0.3279743194580078
69	12	0.32780832052230835
46	2	0.327552855014801
99	89	0.3271244764328003
54	39	0.32708966732025146
95	85	0.3266649544239044
103	92	0.32654184103012085
16	7	0.32648950815200806
13	5	0.3264726400375366
103	93	0.3264474868774414
86	75	0.3262549936771393
84	75	0.32579097151756287
42	12	0.3257182240486145
37	24	0.3256809115409851
95	88	0.32565563917160034
99	87	0.32541877031326294
94	82	0.3252416253089905
77	70	0.3250349164009094
96	88	0.32498204708099365
93	81	0.3249053359031677
30	23	0.32446616888046265
19	5	0.3242568373680115
94	86	0.3242153823375702
100	89	0.32418400049209595
51	41	0.3241261839866638
67	26	0.3240675926208496
38	12	0.3232824206352234
48	38	0.32322412729263306
86	78	0.3227919340133667
53	46	0.3227144479751587
88	76	0.32253333926200867
35	27	0.3224194645881653
94	79	0.32241323590278625
39	12	0.3223487138748169
30	22	0.32227766513824463
49	32	0.322277307510376
47	26	0.3220607042312622
28	2	0.32189786434173584
85	74	0.32171937823295593
91	84	0.3208354413509369
97	84	0.3205528259277344
91	82	0.320528119802475
42	34	0.3204888105392456
43	21	0.32017654180526733
102	92	0.3201095163822174
88	80	0.31988662481307983
89	76	0.3197338283061981
24	16	0.3196529746055603
92	82	0.3190246820449829
21	12	0.3189149498939514
70	61	0.31883400678634644
88	75	0.31880173087120056
102	90	0.31873875856399536
96	84	0.31871485710144043
64	36	0.3186774253845215
97	89	0.3186373710632324
25	12	0.3185107111930847
28	20	0.31840944290161133
45	26	0.31819599866867065
90	79	0.31814634799957275
88	77	0.31810805201530457
81	72	0.31780657172203064
29	1	0.31772226095199585
51	34	0.3176676630973816
101	91	0.3176535964012146
54	24	0.31762659549713135
54	47	0.3174641728401184
64	44	0.31742340326309204
53	16	0.3173953890800476
91	76	0.317141592502594
87	78	0.3169633150100708
100	84	0.3169516324996948
48	1	0.31692105531692505
97	86	0.31690454483032227
84	76	0.3167116045951843
26	8	0.31656354665756226
29	6	0.3165435791015625
99	88	0.3163143992424011
64	21	0.31618762016296387
25	6	0.3159305453300476
94	77	0.3157576620578766
57	38	0.3155660629272461
29	17	0.31551283597946167
90	77	0.31531959772109985
27	16	0.31527942419052124
101	85	0.3148525357246399
101	83	0.3147498369216919
95	84	0.3147023320198059
98	88	0.31466996669769287
90	78	0.31392544507980347
103	91	0.3137870132923126
85	73	0.3137207329273224
25	11	0.31362032890319824
104	93	0.3136039674282074
31	22	0.3134129047393799
41	18	0.3130483627319336
94	87	0.31291884183883667
61	51	0.3127034306526184
27	8	0.3126980662345886
95	82	0.3125987648963928
92	80	0.31237927079200745
94	84	0.31223708391189575
98	89	0.3121498227119446
103	94	0.3121179938316345
104	94	0.3120793402194977
54	17	0.3119877576828003
87	76	0.3119611144065857
62	52	0.31177178025245667
15	2	0.3115673065185547
93	82	0.3115318715572357
26	18	0.3114454746246338
45	34	0.31123000383377075
97	85	0.31119871139526367
54	21	0.3110177516937256
84	73	0.3109651207923889
34	11	0.31080079078674316
96	79	0.31063175201416016
101	89	0.3105149269104004
101	87	0.3100760579109192
90	82	0.3100653290748596
64	32	0.3098270893096924
91	79	0.30943042039871216
96	83	0.3094010055065155
42	32	0.30918192863464355
58	2	0.30917030572891235
59	17	0.3087928891181946
95	78	0.30870044231414795
103	88	0.3084598183631897
93	80	0.3083225190639496
103	90	0.30815738439559937
104	96	0.30807214975357056
43	36	0.3075430989265442
45	32	0.3072786331176758
98	85	0.3071284890174866
97	81	0.30712762475013733
102	89	0.30673158168792725
92	77	0.30666181445121765
48	40	0.306456983089447
83	73	0.30635783076286316
65	57	0.30632591247558594
99	85	0.30632132291793823
87	75	0.3061317503452301
63	11	0.30593597888946533
99	86	0.3059285283088684
43	6	0.3058040142059326
81	73	0.30564025044441223
71	64	0.30557698011398315
51	29	0.3055519461631775
79	72	0.30550915002822876
65	56	0.30533546209335327
42	27	0.3052520751953125
45	7	0.30505794286727905
66	19	0.3050580620765686
62	55	0.30499154329299927
104	95	0.3041139841079712
87	73	0.30398282408714294
44	27	0.30386650562286377
42	20	0.3038504719734192
97	87	0.3038250207901001
89	75	0.3038039207458496
28	6	0.3037254810333252
105	95	0.30357658863067627
55	12	0.3034610152244568
22	2	0.3032798171043396
98	78	0.3031018078327179
51	18	0.3026777505874634
102	88	0.3026236295700073
105	93	0.30246061086654663
33	26	0.302196204662323
51	40	0.3020830750465393
90	75	0.3019685447216034
101	86	0.301541805267334
99	84	0.30152085423469543
52	18	0.3013811707496643
59	38	0.3012459874153137
97	77	0.30103713274002075
39	29	0.3007481098175049
52	44	0.3006029725074768
98	79	0.30034327507019043
92	81	0.30028700828552246
23	16	0.3000919818878174
59	48	0.3000268340110779
42	21	0.2998729944229126
105	97	0.2998157739639282
57	45	0.2996087670326233
80	71	0.29960060119628906
49	22	0.2995966672897339
84	72	0.29949715733528137
77	69	0.2994821071624756
60	30	0.29944270849227905
53	34	0.2993433475494385
44	2	0.2992616295814514
75	63	0.29896849393844604
66	59	0.29887861013412476
68	61	0.2986307740211487
35	28	0.29850202798843384
54	43	0.2984824776649475
93	83	0.29846876859664917
96	74	0.2984201908111572
93	84	0.2978465259075165
64	51	0.29774028062820435
25	2	0.2974799871444702
94	75	0.2971784472465515
83	75	0.2971619963645935
95	81	0.2970238924026489
97	80	0.2969895601272583
92	78	0.29656779766082764
99	75	0.296528697013855
105	96	0.296519011259079
60	16	0.29648512601852417
95	80	0.2964031994342804
44	35	0.2963246703147888
106	98	0.29612234234809875
73	9	0.29592782258987427
103	81	0.29538479447364807
34	12	0.29530107975006104
106	94	0.2951204180717468
57	23	0.2951001524925232
29	11	0.29506009817123413
74	67	0.2950453758239746
85	71	0.2948715388774872
88	78	0.2948354184627533
104	89	0.2948330044746399
26	2	0.2948271632194519
62	12	0.2947961688041687
46	30	0.2947480082511902
51	10	0.29469746351242065
91	80	0.2946527600288391
45	35	0.2946329712867737
34	24	0.2945428490638733
58	25	0.294478178024292
101	88	0.29445379972457886
47	32	0.2943209409713745
91	81	0.2941688001155853
40	29	0.294097363948822
101	76	0.2940177321434021
104	85	0.2936543822288513
18	11	0.29350125789642334
104	91	0.2934739589691162
36	16	0.2932131886482239
56	18	0.2930963635444641
98	77	0.2928096354007721
79	68	0.2926632761955261
95	74	0.29254916310310364
96	82	0.29251596331596375
30	12	0.292330801486969
98	84	0.29229333996772766
32	20	0.29210883378982544
66	56	0.29170140624046326
98	82	0.29162973165512085
76	61	0.29161137342453003
102	87	0.2914889454841614
38	11	0.2913840413093567
59	9	0.2907768487930298
106	83	0.2906309962272644
46	29	0.2904260754585266
88	74	0.2903398871421814
60	24	0.2903370261192322
90	81	0.29028305411338806
100	87	0.2902259826660156
100	85	0.2902050018310547
103	86	0.2901439964771271
98	76	0.2901063859462738
26	5	0.28998953104019165
57	17	0.28978389501571655
44	36	0.2897818684577942
71	44	0.28963136672973633
97	83	0.2896260917186737
55	40	0.2895810008049011
99	83	0.2895625829696655
106	87	0.2895040512084961
36	12	0.28928494453430176
16	1	0.2889977693557739
102	82	0.28898686170578003
40	24	0.28879767656326294
46	35	0.2884063124656677
11	2	0.2883276343345642
91	77	0.2883032560348511
43	24	0.28813838958740234
86	74	0.28785768151283264
60	38	0.28756266832351685
23	4	0.2875327467918396
83	74	0.28748562932014465
99	80	0.2874374985694885
48	7	0.2873920798301697
48	3	0.287162184715271
104	86	0.2871283292770386
41	25	0.2869971990585327
55	15	0.28693878650665283
78	68	0.28687506914138794
54	4	0.2868138551712036
45	22	0.2861875295639038
41	7	0.28614550828933716
47	37	0.2860487103462219
22	12	0.285953164100647
98	83	0.2858291268348694
53	39	0.28571557998657227
104	92	0.2856394648551941
54	41	0.28554409742355347
87	77	0.2855432331562042
57	24	0.2855042815208435
42	33	0.28530991077423096
105	90	0.2850237190723419
45	37	0.2846025824546814
106	91	0.2845696806907654
86	76	0.2845344841480255
87	74	0.2844075858592987
82	70	0.2841780185699463
102	83	0.2840949296951294
79	69	0.28407180309295654
36	23	0.28406965732574463
85	75	0.2840253412723541
60	51	0.2837122082710266
74	64	0.2836703658103943
46	37	0.2836490273475647
51	11	0.2835689187049866
33	6	0.2835536599159241
34	21	0.28338563442230225
83	72	0.28331103920936584
